k_phi: 0.0017689505286956095
tau_phi: 1.2474633499376913
k_theta: 1.0
tau_theta: 0.06984423810944898
